221.000000 
-3.000000 56.000000 
0.000000 -4.000000 260.000000 
0.000000 -5.000000 -2.000000 291.000000 
-1.000000 -1.000000 -5.000000 -3.000000 142.000000 
-3.000000 4.000000 1.000000 2.000000 -5.000000 229.000000 
5.000000 1.000000 1.000000 2.000000 3.000000 -4.000000 160.000000 
0.000000 -4.000000 3.000000 -3.000000 -1.000000 -3.000000 3.000000 216.000000 
-1.000000 -5.000000 -4.000000 2.000000 -5.000000 0.000000 -5.000000 -5.000000 25.000000 
-2.000000 -2.000000 -4.000000 2.000000 3.000000 5.000000 -2.000000 0.000000 1.000000 35.000000 
