0.11046834062341
0.044540542664258
0.099879571748841
-0.71177166686941
-0.89820119826971
0.42537009503011
0.81034754021575
0.02022145177248
-0.9367206943858
0.61867800523465
0.23558582702446
-0.38188485586172
0.012862731242954
-0.80307241240659
-0.68256327215701
0.67495793647829
0.97724166325165
0.15694606730572
-0.31946708602806
-0.95062686873163
-0.38849723310605
-0.99929791595754
-0.51303017396155
-0.48923284070996
-0.7810685158619
-0.93149249997525
0.62692953535678
0.70273436778352
-0.021853436260416
0.13877568540106
-0.52090498596472
0.42899632799858
-0.14568763279621
0.87269457330587
-0.83003294739408
0.23234484495239
-0.78974275281175
0.3629702401175
0.27227174549935
-0.1503491239391
0.50280536781196
-0.85063459530968
0.69227749467468
-0.97840912825354
0.16325444689172
-0.39553174814001
0.87800861144346
-0.15089279839345
0.8103786892306
-0.39271638700399
0.27989931743587
-0.1411388028139
-0.85848503925767
-0.21631402951494
-0.30482850750202
0.66880093592629
0.15449040995654
-0.99640437215399
-0.72036625152471
0.79230882310882
0.015096580151048
-0.90144647746414
0.90027468460625
-0.3768905137558
0.39355138940436
-0.43489843487502
0.40578461410747
-0.45937172391423
-0.098069137473623
-0.79908905634614
-0.13578283280869
0.1208311594654
0.52580382932248
0.83105656962425
-0.25914829655511
-0.54776510575217
-0.2864244288236
-0.67557617075535
-0.76031114522382
-0.49793303268865
0.98092339186972
-0.63042437547372
0.48845510906002
0.41063576536748
-0.9589640404838
-0.68875508089026
0.35019408601811
-0.37228465609825
-0.12081044219472
0.36568792786714
0.96674055325181
0.11614257894277
-0.71396560301723
0.59920154307
-0.84275956630835
0.67550249289512
-0.73434010508207
-0.67070356927379
-0.4252922597459
0.59790877327226
-0.68247654460486
-0.92178271893495
0.23830530663873
-0.025342107296615
0.34853767666432
-0.53812892992894
0.15577423812625
-0.12895133585155
-0.98037833440135
0.54473896303435
-0.90413976642496
-0.26257905609094
-0.11407188377998
0.043007318416148
0.67682730205209
-0.040693634674276
0.62979113386469
-0.84839170232806
0.4562020727695
-0.60962859243603
-0.70726134428161
0.54120922346656
-0.16040045822058
-0.62685636134206
-0.623489681456
0.45024653032899
-0.089791899123132
0.57764547484817
-0.74010934854863
-0.7639909720812
0.50814547739371
-0.0029190140789929
-0.88387389009999
0.090902463109653
0.005607570989806
-0.59720634650309
-0.69795226291658
-0.79984203902997
-0.79262076122343
0.51692630048698
-0.77501615033253
-0.76301104284963
0.50648406404372
0.99340980499676
0.68247377857681
0.85011541184509
-0.34122674881538
-0.51959040552359
0.27708833910389
-0.27575534175884
0.13360778202005
0.48556982701904
-0.33543666514356
-0.8460735473065
0.53986745585681
-0.81526100068132
0.10087622194592
-0.80547094708563
0.43887530054845
0.042276477926539
-0.57515283374821
0.66912685878069
0.045172643403137
-0.46149001152324
0.003217731138327
-0.63147919421619
-0.75057767040589
0.53154227674545
-0.65926987661946
-0.18236466738506
0.083850895559346
-0.78406963394213
-0.2847649703197
-0.86841901292485
-0.3830324399206
0.078188663850626
-0.743301076695
0.9722821637859
-0.44777740791802
0.64394634014179
0.37379015952991
0.17463173492562
0.85031975053731
-0.64519161341954
0.88993566664398
0.86918115050959
0.33814758962865
0.13325545151404
0.11896013241213
-0.14868774411673
0.61564594768716
-0.85829751186925
-0.01598106371983
-0.58091139960145
0.45445592303502
-0.47476756548265
-0.24094292672395
0.16652173137596
0.35700235485891
0.34463621738583
-0.25174608233
-0.8431830414772
-0.40032095806688
0.57884935456275
0.36913640954026
-0.41489326647245
-0.34064653205715
-0.57466527334166
0.43238191745821
0.71033041072559
-0.58177848792718
-0.037389282620228
-0.00090810051230161
0.25541288464117
0.99430222995314
0.6610655634017
-0.41405067193045
-0.5943739896614
0.071854625396363
0.44471545305323
-0.58398374616354
-0.65760326369554
0.078512818123453
-0.77386826545646
-0.55773329900472
0.34504874858309
0.61808936000713
-0.98423057793837
0.67483640167622
-0.86181148414584
0.76771991875382
-0.91924362719024
0.16811128667002
-0.024242597177738
-0.95262644251465
-0.0112332212791
0.33640100310389
0.33034038046856
0.42389071240271
0.62951359321806
-0.63005445973485
0.968035073936
-0.30579697494665
0.31172570461022
-0.88473894162324
0.57339692747844
0.80829192037149
0.8255699527569
-0.25776503945597
0.043687896357704
-0.89427978447372
-0.4135512595128
0.34531443814995
-0.9990269383411
0.77480953548793
-0.7218145195962
0.61599859018624
0.91856014259093
-0.40800940217823
0.18861406072444
-0.97169539144807
0.51998160570859
-0.96703422626808
-0.15759484337531
-0.38520513260048
0.40895836865947
0.45380957212942
0.98652368038265
-0.79279634533115
0.65292630794129
-0.14245568734708
0.2777043931548
-0.96421068532588
0.30800171164237
-0.53020351265101
-0.95384507251617
-0.57609109840174
-0.61823161859914
-0.60320455376208
-0.53738830217039
0.56605332138299
-0.4256357156791
-0.89910782030742
0.54902595912527
0.21011102535301
0.91243117205446
0.983953563489
0.40610138578625
-0.26475111267751
-0.85787981741963
0.88059031492127
0.83138683896111
-0.32052215343366
0.81832227754329
-0.040851417482296
0.92872645888884
0.55742546429738
0.15985019745298
-0.14736106765799
-0.20809759255876
0.92119173701908
-0.25896953011815
-0.61615126655258
-0.69395880200619
-0.42296306575786
0.22838108019362
0.90557821649386
-0.38234615297166
-0.84471872627955
0.36946499038928
0.52618477750858
-0.43842944662945
0.4216218997825
0.20275681615004
-0.6790608296539
-0.66850164703489
-0.35945716377322
-0.051921906439551
-0.58956812116763
0.62819851172538
0.010340294339853
-0.43322835091186
-0.83011695175903
-0.78848988646105
-0.082436230537685
-0.61342595779031
0.97211993484391
-0.66356940551827
0.3873482762777
0.78027176660498
-0.86864863236837
-0.84741924509752
0.55818024815907
-0.2164712367656
-0.32560434254147
0.21776553858899
0.41838115892298
-0.77792139341027
-0.0083638695107605
-0.16436620110849
0.59195291231943
-0.99941900372478
0.081226609219437
-0.060420911321613
0.99105506389917
0.80413281070261
0.83719028338659
-0.90820722929584
-0.34812371029897
0.11801070026961
-0.90729938443159
0.31006799606144
0.32255829094097
-0.37326332152507
0.36147554002771
0.57011657933244
-0.25792387372717
-0.95556061340289
0.37867568218088
-0.36258132167281
-0.31718784538898
0.7982675124883
-0.59563859626448
0.9642200590876
0.048769204434365
-0.47893187751944
0.67940582599463
0.92760091085341
-0.97330942096808
-0.95638191046025
0.85278845012783
-0.010300175757287
0.82029067250914
0.6013444259769
0.54528770015821
0.40940311989254
0.86094145936004
0.5351594907861
0.47568254614048
-0.67143494247991
-0.85855883632719
-0.17850954419864
0.69144987766233
-0.062472410994802
0.59988271519536
0.15539647133807
0.9747659945743
0.27379583812961
-0.58036865367571
-0.43761866699793
0.89992956160564
-0.88188735017641
-0.50419763545701
0.5602630039492
-0.12098464328842
-0.16479332240522
-0.28396584805286
-0.72911161264829
0.88041687099282
-0.46417989184343
0.44274045314767
0.11515668924672
0.85328126971297
-0.83126699823479
0.17970235980102
0.39023737767257
0.8679552729558
0.9794811252409
-0.63949598820857
-0.60328988805566
-0.79425857113407
-0.80336636481963
-0.62383724917836
0.32746328661566
-0.8172652385278
0.15605327447693
-0.46183991593394
-0.0048025245800626
0.92236639462522
0.92764353003709
-0.94540338308802
-0.18369267190979
0.063874234009476
0.32327656509507
0.58693514931339
-0.46354664092117
-0.19805074818342
-0.93404787868915
-0.2939933442017
0.76989845268889
0.60932046249943
0.13163679332083
0.66269466078966
0.89140292345146
0.73226407157828
-0.96118640525322
0.033601357151569
-0.62549692188646
0.69437832277938
-0.27616666782469
-0.4124100689834
-0.64082629403138
-0.37336751789477
-0.018135568601142
0.27513004060608
0.96890966406507
0.97627946267663
0.47973772859189
-0.40431132698632
0.37566229951366
0.17556752505506
-0.47847121929679
0.35855336364291
0.016593888875374
-0.14711217356246
0.10791976335827
0.82856223444853
0.5346306159788
0.50793088483993
-0.63807740045622
-0.89840794443079
0.76968324639354
-0.45906478700184
-0.87700000492716
-0.77701123420941
0.86245410510453
-0.42148712809267
0.23831881547268
0.3926395258832
-0.13288911577914
0.83415400415387
0.072376216329809
0.5022014405123
-0.71986459834495
-0.31353528393131
-0.39955091727877
0.8266472648022
-0.1746994905056
0.14121982880925
0.40400319239311
-0.92124668318836
-0.79958397885765
0.3498929689405
-0.39117146813831
-0.10459348703948
0.068472306741622
-0.36021945409487
-0.53557523597757
-0.23241843806227
-0.19629772063172
-0.77021539759367
0.45401275132504
0.19438860155381
-0.037248273863107
0.48569764638585
0.32655357351832
0.23966412955879
0.59333248976308
-0.57045720218236
0.9706590752912
-0.83015214178253
-0.94355431475842
0.61303365957599
0.68437780704553
0.40272264806681
-0.45858612445117
-0.10414643637098
-0.03418645217744
-0.83781983230161
-0.58614617659997
0.67907996926414
-0.46619295490263
-0.13671279099617
0.77143700410213
-0.012035319121571
-0.67648103631869
-0.55966348180532
0.75308315351283
-0.34821768260944
-0.42367164484396
-0.36499379359418
-0.27812841594132
-0.032820603359873
-0.70535665736783
-0.75562592863833
0.64903852792878
0.82577202181601
0.6247224610414
-0.63917168213016
0.63564520591667
0.024304637231075
-0.22450901718089
0.62454206013332
0.65717321804593
-0.43926160011406
-0.49169585271352
0.0495563955277
-0.52881326690727
-0.089326725848637
-0.27592002101053
-0.69924733214977
-0.17453304546631
0.87349769839714
-0.34154152746384
-0.67639864500444
-0.080464388746984
0.34487620058697
-0.35618180285961
0.010152187668789
0.98758012335169
0.2305488387265
0.10944541781649
0.21420970708793
-0.82742402228872
-0.75884121179527
0.66778208299902
0.2149476703326
-0.025341735698908
-0.79346406636455
-0.23448593692597
-0.37346452166022
0.19960293788444
0.22025378850301
-0.13127514400113
0.94674663056934
-0.77481553693061
-0.49596297531201
0.0029076035148035
0.29863245100651
-0.58765670172295
0.608893027347
-0.28386555485607
-0.26502958744067
0.83521899107621
0.76943179954283
-0.51055313437737
-0.73089498082683
-0.52891344089476
0.44726214718412
0.3334558686863
0.38228963379855
-0.81230689669601
0.58455029296901
0.31915272554343
0.015612207826046
-0.47985623473295
0.66740302074114
0.86593249340818
-0.63415604253959
0.89836522466427
-0.21196758989802
0.14168757719066
-0.79537180242844
-0.08555887038147
0.13012707472319
-0.96260305212932
-0.25895644782994
-0.59695254620023
-0.71403556583172
-0.84685559843055
-0.7112927137461
0.34706576510662
-0.22559800242335
-0.099599101161398
0.60600985102635
0.30687561692059
-0.17615734374903
0.45130494956454
-0.33422324309788
0.33282719055788
0.18094368613369
0.61915722564755
0.28521528620516
0.83284677743579
0.10371748688804
-0.86545203340494
-0.62700930965459
-0.85579225321104
-0.17867944630733
0.6355357093902
-0.49966145097262
-0.35277525119147
-0.8578709875503
-0.11460717633115
-0.43624270308588
0.28269587423778
-0.49918613652661
-0.4666128547241
-0.74833283002876
-0.41354985600968
-0.87606380874108
0.38751647872269
-0.90683370544893
-0.0036729010770437
0.33437412108033
-0.4585627137956
-0.087348258629138
0.26435712131875
0.84608559862063
-0.10470002196017
0.22310503629181
-0.39347628755191
-0.74035396228561
0.50747880130423
-0.82672648123779
-0.081933853720284
-0.24099053872795
-0.88202032813896
-0.99575874022942
-0.030328386011686
0.9898496372578
0.9827061137104
-0.30637308457232
0.44941917594961
-0.65980672820462
0.10577044035577
0.24170345870857
0.13495878555577
0.66995289813259
0.54287412182562
0.48763346834464
0.6726292724128
0.057645315796903
-0.25209919887227
0.87338008260046
-0.16709661538112
-0.97532873227043
-0.53144390207317
0.88624938478984
-0.94559153632521
0.68953554317799
0.59641281403434
-0.16363620532846
-0.66163446738461
0.84808357704807
0.61654814035471
0.59633780252018
-0.81491138684326
-0.74949795089173
0.41825582711876
0.93318727143723
-0.94210402199165
0.97280872611925
-0.037293060234419
-0.23907205054493
-0.46934187201287
0.24089997598943
-0.038244272134381
0.63406797760821
-0.29503363803729
0.19321185312849
-0.24175084533251
0.71401106273477
-0.55044820697533
-0.48328445175816
0.40409823106793
0.80826449850959
-0.10118158678579
0.50188456918201
-0.41550244736276
0.58064147903614
-0.54551108160313
-0.80518667390812
0.042381157652652
-0.57496870103058
-0.13177353568923
-0.55072975882829
0.13295135420419
-0.83045453104677
0.71745714625225
-0.10329960431126
-0.15193488502499
0.51804166916667
-0.84939286198904
-0.0031554871253462
-0.35737268037972
0.41023692833736
0.49410992278443
-0.3759908188954
0.82156842379904
-0.38068632007608
0.77303515270959
0.060650544734975
-0.9128140648421
-0.025763321214245
0.00020105624580813
-0.56425707208191
-0.39080049627963
-0.19404744505605
-0.97643148339187
0.18071815705892
0.32824587604415
0.21996498537248
-0.86195301910022
-0.98292939829777
-0.37665269960493
-0.85422921267069
0.0031412062249805
0.33373753974854
0.89980548708691
0.88333155675015
-0.57181254847525
-0.58549807015131
0.06820808680179
-0.14774327406089
-0.44661857348244
-0.79911480182741
-0.88896411838427
-0.86723233380692
0.65334676096837
-0.80305691054233
-0.11515093832982
-0.97498164231655
0.35093175496484
-0.12981894664924
0.17160137331653
-0.11061022761772
0.84912784576841
0.69478244506511
-0.57278566880747
-0.87668079597721
-0.17170290144705
0.90179300769316
-0.14287565049849
-0.010898889513174
-0.24257068487004
-0.42862971845485
0.074065397993692
-0.97792763448224
-0.16910088489256
0.35159818611648
0.79003912759481
0.18838661964442
0.25169242883646
0.6283977635337
0.93559383039158
-0.30756084495576
-0.98209807275892
-0.74314013577213
-0.48224095231026
-0.57115158511845
0.21994918175971
-0.051224301127356
0.17930624037017
0.35544311877128
-0.37377991498158
-0.17510564307454
0.12057198077467
-0.20208354536541
0.28197050806227
0.42788490253868
0.17340318354471
-0.65526074155013
-0.17648958283313
-0.86770895210454
-0.33180194503246
-0.0093971886715839
0.21607961189751
-0.48995673446448
0.224721445341
0.60121218375918
0.43219533815617
0.58168340454888
0.83084297172299
-0.77803109110241
0.51884633932209
0.58123022764047
0.87437541031948
0.052910225956193
0.11200772277639
0.6713455764909
0.26772523357893
-0.14153148193915
-0.79959190255012
-0.82939991905792
0.39918586863167
-0.7589198815445
-0.97483713644316
0.15860469506989
-0.91459032051013
0.27206521261114
-0.97361147029959
-0.74776743899461
0.044567428084355
-0.67447409391146
0.16059369182242
0.55467676257467
0.79452071794985
0.55069552341043
-0.35625861275767
-0.40998879326973
0.27920399945192
0.32123815516068
0.89681375301295
0.1285546390007
0.85131481562337
0.1847754051838
0.16239028291888
-0.072239663951211
0.17893477118524
-0.57030363733429
-0.75388487603231
-0.064842025313918
0.39548583021177
0.75379625789532
0.22342138049352
-0.033598443974554
0.90062653454981
0.33063687446091
0.6652517242661
0.33180045212237
-0.32862165911525
0.49489268543892
-0.3861792429286
-0.78913131812081
0.21210890785424
-0.98384541179233
0.21876857300232
0.47254237787451
-0.050720314984545
-0.509252050663
0.42305071625069
0.93238745999168
-0.77534061194181
0.29959405832905
0.79383639516022
0.42601403101627
0.85557564993183
0.19152576624953
0.8487472188886
0.93354793728029
-0.50532687525513
0.56007906587798
0.48874732828175
0.53448653851379
-0.18941429871573
0.22065604721227
0.21547471881633
0.62987841089716
0.63236069662141
0.98038859012555
-0.72961381717101
0.92200888503436
0.36679593071658
0.9872231855929
-0.77495769866507
0.67464536320169
-0.5344605816223
-0.64040913974885
-0.90824494413484
0.34737160305836
0.15973290016862
0.16470297759618
0.35132661897285
0.48695048572819
0.16395271809956
-0.092346566306589
0.15493673978138
0.55430348941791
-0.93588792157168
-0.56808186581735
0.75045443221482
0.28977366876312
0.33598257663473
0.53365121480713
-0.64251200093073
0.15882954148521
0.59352145325091
-0.4893114033571
0.86337392491446
0.061848478886228
-0.60674484707729
-0.027334952274028
-0.65527667368542
-0.21924651750328
0.74049916851358
-0.71512186513987
-0.18619457128746
0.93298516139993
-0.24245203903059
-0.0023572030488203
0.7401095497143
-0.36238625988475
-0.82630634206641
-0.0063514760724974
-0.047548932511149
0.5806917667299
0.51921563945674
-0.20641218088866
-0.047208179276068
0.044957219178303
0.32014605185024
0.80865213731707
-0.0034686164015292
0.13703176897812
0.58895097653798
-0.022839932247456
-0.66510161648742
-0.39203803492339
-0.1601176388376
0.11660725675365
-0.88597150886709
0.23265782056034
-0.28110208235732
0.50668167299902
-0.68554609067996
-0.52206518013126
-0.39615922672495
0.66638547073416
-0.37218926165821
0.070024093179975
-0.76120676461663
-0.40472925612923
-0.50739072892228
-0.63582190574884
0.70138379358751
0.85565225493892
-0.60744845103819
0.17091731315987
-0.30659616613136
0.28612870782899
-0.022963028877491
0.67373718212998
-0.81360148071013
-0.88127689151153
-0.77903803613923
0.023463392175484
-0.032315556440649
0.43022443886391
0.78288777907513
-0.90104764695328
-0.7849665096891
-0.35391592483684
0.65926399904269
0.908143357331
-0.54163478945458
0.59945647027318
0.95362832022534
0.49196685175037
0.12784556538232
0.03870112497299
-0.2551482465375
-0.24678808974418
-0.81307010250775
-0.35584176767424
0.85607730124894
0.65555498546714
-0.60399513580091
0.68732137590988
0.12157670088186
0.81073631337412
-0.37557945557664
0.41179333972362
0.20495813116662
-0.83079184863288
0.15881536116768
0.12452969752463
0.5492671139302
0.30540902228347
-0.65080616048109
0.73493836528386
-0.57077896761279
-0.51501214854187
0.061399666155409
-0.47394262229742
0.96269249634943
-0.74777153308865
-0.40101558966609
0.73787694784714
-0.4879024296477
0.68987073548598
0.47937031345413
0.15213716549433
0.12076511472499
0.78825347488199
-0.63714464550705
0.12224191758886
0.74643180880064
0.51945252601032
-0.77250380430953
-0.42547790586272
-0.074566153378489
-0.25019902701033
-0.16823739054065
0.2345934348342
-0.016694283586319
-0.4719899303615
0.26138057804731
-0.44709798761043
0.17316960784289
0.81788781649335
-0.52696897067454
-0.72646748261827
-0.79578551174877
-0.27053740493513
0.45755462602598
-0.33061748805019
0.22164201607073
0.78072803736698
0.9110795231122
0.64925109951256
0.76985501114738
0.91985994946205
0.011614197404876
0.94537817684253
0.94164528788144
0.85841476445012
-0.37288304854784
0.76666496776355
-0.98281591850464
0.51842049486862
0.54426458270488
-0.8811495005531
0.79506249250614
0.83098523776558
-0.62942465284347
-0.25446352141651
0.090220248834333
0.97754863276032
-0.21429082249025
0.51183207589753
0.80774467429507
0.080892068837253
-0.38843961683495
0.2668227242617
0.49632471403867
0.13673790690337
-0.093706266532515
0.66185985396703
-0.80124957570864
-0.35064496349108
-0.068336993022047
-0.87991959130388
0.17841514254846
0.23963656427322
-0.3687483423244
0.53747668095747
0.44181775741364
-0.82769541434371
-0.07982568213708
0.98030618763543
-0.44937802732428
-0.69330346942567
0.40346594778982
0.96173523271537
0.68040685899575
0.71185407587879
0.28747659888467
0.13754682202709
0.93387470856955
-0.09757032948433
-0.61964716930857
0.69024308197677
-0.61461547651077
0.7456602611326
0.86004801833073
0.63980626298106
-0.47468340651816
0.68706632949741
0.81632520901799
0.84145594753393
-0.76604005217833
-0.52427569754621
-0.92711241353634
0.11168277036011
-0.18541028685188
0.53936904647358
0.30917138481008
0.25582687708355
0.89061041078093
0.71464891159658
-0.65110285377647
-0.66060468259296
-0.11833165451807
-0.27982381232075
0.77014888532932
0.016526128638781
-0.62601052672882
-0.22528975886539
0.21414302346024
0.112898338173
0.95452297476797
-0.49333511362473
0.16451841740148
-0.44866383701966
0.93463416767057
0.14172114205627
-0.36972836748219
-0.52564158920461
0.46113406003506
0.94190005210317
0.18716940152793
-0.28977932095983
0.90734937596477
-0.91705549690735
-0.68411627490265
0.5936931584001
0.015147792648127
0.17317114266249
-0.26781519002645
-0.18803500905076
0.65518458730317
-0.76642473496796
-0.33556171196306
-0.92948511705244
-0.50860391534334
0.20830923375129
0.87727416859813
0.92734378479763
0.75274955190381
0.95004437488971
-0.12466321379163
-0.54913049635903
0.73938276513451
0.12702565972089
-0.12953197356757
-0.72557937527335
-0.60404368564675
-0.74389343883092
-0.36254829511165
-0.39290009131324
-0.1280992632397
-0.66819383188532
-0.63099486363632
-0.15045032983201
-0.39515416761635
-0.083132301961599
-0.57427244706744
0.782840091634
-0.74482142168322
0.43145174134125
-0.55453311910598
-0.64366028534419
0.00011552544316062
0.98356642014513
0.664269734949
-0.29941697479199
0.11973057460027
-0.08132893083679
-0.5071620724663
-0.21952737924621
0.16552986352031
0.96935675105516
0.49550234596036
0.59520727190897
0.18622842858836
-0.37622445513319
0.44035562567429
-0.34856502122645
0.97316834608706
0.46377491832887
-0.75859715033257
0.20720090493895
0.74933336942891
0.85485849895275
0.91570610735365
0.13091474079104
0.047274496893992
-0.69680708353259
-0.46028530945083
-0.32991012340873
0.77960282274503
0.37327411741636
-0.87610064254892
0.47038099983259
0.38346605905493
0.14368706249804
0.50507729850015
-0.93924858977052
-0.30436083176376
0.45105019279339
-0.73778521909275
0.82077476839571
-0.1411936344305
-0.54079343915954
-0.18251561707934
-0.23362472058908
0.15345965938338
0.014768907341533
-0.55989376714448
-0.58122324644645
-0.012064526328847
-0.22224001457088
-0.76305400755399
0.36660715069929
0.74900183163071
0.52604638763054
0.53780420475537
0.73046274656917
-0.50449664029502
-0.095263902607962
0.44516095306965
-0.62646118347834
-0.49042898020261
-0.11800354864355
-0.29243330624534
0.032886778485443
0.66453135184223
-0.55399344747606
0.71488531851903
0.094584744002011
0.84648302749101
-0.63170244713859
-0.025452799641272
-0.1019302285751
0.37743587669797
-0.33496647390303
0.58800807110407
-0.28084786761592
-0.61882279702407
0.21047079805772
0.37327452254168
-0.91592151015807
0.85386547905107
-0.11933234572379
-0.12700093310652
-0.15969891713918
-0.37711380951903
-0.40123882396204
-0.5376671541192
0.019078299877736
-0.26730697009121
0.24727152625437
0.2685612343571
-0.063609471108583
-0.82039964563232
-0.10525129786937
0.43991002507504
-0.048713985387568
-0.54352534261696
0.85585706301772
-0.80064707798913
-0.97183066698342
0.47392079954684
-0.68855700441103
0.86279005737174
0.88060296414448
0.29045336008559
0.70051380232932
-0.29259857409289
0.80136086875636
-0.77700515826093
0.42836984499747
-0.13856829197079
-0.47833312837329
0.48199178813118
0.50864675711312
-0.94235439316479
-0.95201448162646
0.54576630496688
0.17770184351956
-0.72460670290729
-0.15571495199376
0.59096603542146
0.67631877664305
-0.13089156576008
-0.65530886019362
0.35207296505201
0.97708741667545
-0.6324127473088
-0.75534860871516
0.21784608495321
-0.60800817776844
0.076410964632598
-0.20728918779981
-0.64413207845955
-0.70687047192215
-0.27827633604327
-0.35317193686644
0.77389868152044
-0.67852898206493
0.35382631204735
-0.48863605386048
0.4720824600533
0.82993243440517
-0.69859790787967
0.82382826126359
0.88573729427799
-0.063656108949173
-0.29792062626123
0.22831630670853
-0.47945124352325
0.35457244299099
0.039020622632941
0.75265958986835
-0.54167344399806
-0.91406059354267
0.31338188020204
-0.48208854509615
-0.98234373516512
-0.8663192018244
0.91153786699825
-0.13796222169789
-0.74285375687427
0.84088111940812
-0.46754097075553
0.28844030447697
-0.71796076638529
0.97140241785506
0.76394936151986
0.61195342597177
0.28229845654326
0.67794701348895
0.089995296248233
0.23919870110191
0.069487615055166
0.38871648692932
0.091384043493953
-0.7938830078551
0.51464223373432
-0.36458272829865
0.8632175968323
0.65984439834014
-0.23763641586417
0.44106582712432
0.81705139289473
-0.13245833159073
0.66218425410901
0.21516903173885
0.99993645306674
0.059097594143403
-0.49695060751259
-0.84858666539592
0.671340200897
0.89868676098934
-0.019327988391429
0.27722413431724
-0.087047976947878
0.74827071826359
0.84603463664932
0.349713239516
0.45247845698729
0.54167791155245
0.3079434369262
-0.18205870649873
-0.83209459848334
-0.72905263198961
-0.21670837011966
-0.68853281610111
-0.84729993429375
-0.23449701035139
0.23054329363189
0.1442458700129
-0.69350438178214
0.39893135586704
-0.67626274920826
0.27663327533595
0.92649918791209
0.50091822608417
-0.31163267572952
0.096817565661304
0.61778952070409
0.018596793067919
0.33154479010568
0.95616386456236
-0.23264567797661
0.1716000433879
0.026945408911885
-0.78034517251903
-0.44197626665327
0.86945420963199
0.98955555539092
0.08215810688313
-0.96473522016999
-0.57675202264299
0.93101827238268
-0.83195626914127
0.37995673407798
-0.65813005792821
0.67735386904206
-0.79292814237668
0.0023623588505957
0.24949538113992
0.61669203621181
0.51082788385024
0.58722397945226
0.092408299023476
-0.79120808457546
-0.62753210013152
0.72986264421133
0.18187837730249
0.068168732835058
-0.27394564974771
0.89079045033585
-0.37504516605988
-0.6745153254245
-0.68070341724935
0.59299512933614
-0.67213537808141
-0.68659090888062
-0.30072118868154
0.27112959291373
-0.43479619148876
0.79831243762668
-0.61734088492456
0.79465586216871
0.1554579544605
0.870412515416
-0.64316690137757
-0.95158617661874
-0.14706287400195
-0.15835035366861
-0.85215364669084
-0.95022168101288
0.13974501711305
-0.15733766889076
0.55615350303992
-0.31427353029804
-0.53613833502687
0.97521979733148
-0.57508891149195
0.67463816500951
-0.22916480211037
0.37252703466105
0.95363711842971
-0.52044952638468
-0.49811382195824
-0.90804101056794
-0.50555682345552
0.033756632839216
0.68730848454279
-0.56278342826422
0.24298707639938
-0.64017061406754
-0.41940019811476
0.83104080698967
0.1634479626843
0.68126803528577
-0.18373963105666
-0.070343398987476
-0.97169602754139
0.4019175001429
0.44150984168123
-0.012976670178108
-0.025587954104686
0.50330984103648
0.26463199186355
0.67357827242165
-0.47549608791037
0.77080151148643
0.36394133482312
0.65572143981965
0.64907066414555
-0.32835261026786
-0.030878083329125
-0.71324003474472
-0.34778539899168
0.092997962186578
-0.84259434037031
-0.37130168051054
-0.83232583190888
0.78508318391865
-0.41744093476675
0.47726588392503
0.92161777891294
0.96355587242337
-0.29150666077226
-0.72372092573145
0.4624227124557
0.30888856170182
-0.53101808090276
0.46068635744075
0.012706625746892
-0.99053470324284
-0.33919279339686
-0.39082207968031
0.23813665995288
0.79742642110094
-0.54047878903359
-0.50405974476787
-0.51856479212575
-0.50542002334512
0.39669403498838
-0.10008287015375
-0.46880884909481
-0.69361003660299
0.5679747506827
-0.79362186034844
0.52517592698577
-0.24005541076886
-0.24601509014425
-0.7719390950035
0.036591152211926
-0.19190989676486
-0.96237767299748
-0.51101870346396
0.28923617270274
-0.93330575895184
0.53079089500512
-0.49690632498679
0.096901938829991
0.79727273890622
-0.49758149939477
-0.090406308458376
-0.98025074786518
-0.52273184877016
-0.73124356555345
-0.21336601265397
0.08728036987003
-0.30387377520272
-0.34767545077376
0.70457725026858
0.8483874219695
-0.88888384396624
-0.58292259256492
0.21786269043473
0.18180312643843
-0.27033188346323
0.73191700583879
-0.55656157227073
-0.95406914313979
-0.34960554323606
0.67675930432824
-0.32246372072141
0.66841238442269
-0.90340691427859
0.71707077590612
0.19733330663169
0.52940520342877
0.099230592650934
0.46632357289378
-0.7338323955116
0.91454087286933
-0.85345802076788
-0.61246947553589
0.34581218722547
-0.031524899896013
-0.26895464643322
-0.48537530539808
0.042305740081848
0.68840392105673
-0.2682972221022
-0.80157416211514
-0.89324605553096
-0.68923403960151
-0.12195253796966
0.97500740269898
0.80798835484683
0.43238984766993
0.81005577734208
-0.19214127454541
0.68588584553724
0.86396069073303
-0.50549040618608
-0.45568174843475
-0.9703255407374
-0.0020402739765311
0.72638661029115
-0.63983350416638
-0.72191629545852
0.50216271611963
0.46855579664398
0.29768018019278
-0.1989178802813
0.98165589290748
-0.9947835486358
0.32614108329925
-0.17773119508183
0.47861994313012
-0.2488594917808
0.011167399124786
0.93625677746546
0.054435533962415
0.56948741784761
0.11851355206152
0.011742326902106
0.086239971726313
-0.66223337485559
-0.079044220540227
-0.96931886764677
-0.84668060571266
-0.20709242076012
0.14337961149559
0.82468540306421
-0.97886466047674
-0.90663750279073
-0.97569197973967
0.08233534036313
-0.87119706248455
-0.99595044553091
-0.81410632646368
-0.42554258994085
0.30169191551474
0.89032633038719
-0.0091449939688412
-0.5231116020694
0.86605900426677
-0.2864254104376
0.15591324640248
-0.23309032117626
0.53834455811341
0.63458308187992
-0.14583865327101
0.17149577623769
0.80869374880972
0.062079427327066
-0.6273897176736
0.063932644698737
-0.0019833673732278
-0.051837606845348
-0.43363186876924
0.76399902057089
-0.68559421211742
-0.77886243713035
0.015111592139635
-0.70387277924636
0.7384073099766
0.897530300495
0.98682137857509
-0.39062451915379
-0.40609173542172
0.25413602928358
-0.49744650884413
-0.87759153539203
-0.24431932961769
0.8702831863753
-0.21343120337158
-0.87893918523516
-0.99043122492285
-0.047993169654158
-0.57829051258894
0.46689932023496
0.99624462611798
0.061470243642791
-0.21157833152058
0.055476448058838
-0.70115065467597
-0.59723042771091
0.0023751896817121
-0.063198403950407
0.94326068830828
0.4353050838389
-0.35631762414999
0.74109749297663
-0.67769404206318
0.35474257886165
0.32856320185986
-0.058523806304915
-0.99932972341745
0.56912375035189
-0.79757869699857
0.43602969657445
0.22560944837779
0.54720252731219
0.90213119792851
-0.7215356350511
-0.90013007069944
-0.86951770347986
0.81181411063849
-0.32316851584388
-0.96035882735642
0.075222551392029
0.10474695409869
-0.42316930527946
-0.17745348214053
0.78582760774802
-0.49451971030539
0.86249074705992
-0.012010140815754
0.21632347312585
0.39087215130724
-0.24348111229179
0.59817759673958
-0.87200384767354
0.965110289848
-0.43501445159084
-0.039043674729319
0.20188621766953
-0.5917398685551
0.39146061492686
0.55556492114233
0.82369938763962
-0.022830632060222
-0.98996961861382
-0.91084266263565
-0.8887851368118
0.72710642205882
-0.30357755967582
0.36748600069782
-0.92142021838642
-0.563629388606
0.94382433963186
0.81616668673985
-0.64787987975771
0.90565462685453
0.88420650171312
-0.82795956350302
-0.71067619030861
0.038131253345931
0.32191305669114
-0.26274350437463
0.16698328366828
-0.47668854029695
0.37668846704843
0.64624978212931
-0.66259038432622
-0.5634497374126
0.77806092229581
-0.35238758910093
0.25910503196488
-0.12587770965224
-0.75399947061855
-0.82669417272634
-0.95012676154735
-0.97435980102716
0.47245089498928
-0.80309827150921
0.42676584116498
0.47243009669354
0.95533754488236
-0.95127305386182
-0.54745048449722
0.6759456934761
-0.56041050029938
-0.568982086875
-0.54996909087057
-0.89206254849772
-0.64834514243917
-0.9738342985389
-0.45893953529137
0.580567128761
-0.24507665505869
-0.9546846486417
0.65149038175656
-0.89334811079006
0.78032816843145
0.95885199027083
-0.6332542773491
0.069495158768024
-0.19352679568973
0.9060089150006
-0.2154428443012
-0.79381808535839
0.47904622623653
0.32736028606415
-0.42925546105451
-0.37955454801189
-0.64985468222287
-0.76794329554212
-0.091520503671617
-0.12363439198753
-0.011605038778672
-0.44280416119974
-0.55394389645846
0.31107946173804
-0.29441966362969
-0.27055503300883
0.080503998827424
-0.56727938426997
0.89238551626559
-0.58273780978412
-0.15066763905374
0.96129113433943
-0.60199717227463
0.1334253275457
-0.44393092274849
-0.4326966933127
0.85101373300469
0.069264779365279
-0.21482442282831
0.66416515859969
0.11158148064817
-0.20251541081933
-0.88835666044073
0.63461807539436
-0.13362502638885
0.97595458756013
0.54539255962958
-0.99949213955528
0.72219671296058
0.54510084518469
0.51225611637917
-0.087231929920256
0.52454900067511
-0.14848824085132
0.63834656944421
-0.075695801095895
0.98868638835321
0.22944357396543
-0.40210105078393
-0.10707186120892
0.89548025647899
0.040183045454409
0.18680296893548
0.32467661580289
0.22592857164607
-0.8544803167947
-0.50906170881775
0.077838765027858
0.34095680962361
0.26709322876627
0.83941393338117
0.37566366948917
0.35934962395548
-0.048077288571781
-0.75963795360161
-0.81399768209737
-0.78709213425736
-0.2792966148254
0.77360464342572
0.29716581818516
0.37508092139619
0.33292056123396
-0.66396996363251
0.35184913098433
-0.3929380231504
-0.4254402683235
0.12506110739199
-0.082138720472408
-0.87278235511518
-0.74663357704255
0.74545098084279
-0.82928766209133
0.092084205286617
-0.24300463741785
-0.15354165302289
-0.5874542964564
0.13109739084313
-0.38690179650993
0.45832096760083
-0.58513258937054
0.69925914132002
0.23413100989262
-0.49368284432855
-0.96559369469322
-0.6306239886352
0.13177745283198
-0.099618257535444
-0.05697045338199
0.4260676835785
0.20293987877804
0.41340801744415
0.950217515207
-0.058770042405822
-0.17279795239344
0.54393565167856
0.56382274048581
-0.063620804372998
-0.76285088144376
0.13827736821877
-0.67423498242825
-0.645205828196
0.60205844864345
0.12459206540351
0.50190281285993
0.42194349291825
-0.88784905331575
-0.070676052510122
0.83462629273284
0.36374764487322
0.58035228102484
-0.26987861249125
0.5138519366802
-0.057740731657362
-0.20131717491956
-0.13862127677473
0.9972051884966
-0.77361380857118
0.22546672412449
0.82923049658035
0.91433402333145
-0.82291196744093
-0.72835198684053
0.60070331748608
-0.43897489432198
-0.49387033912068
0.013172444427932
-0.99118265136666
-0.22194290497431
0.37854198337465
0.57598994559422
-0.68557247411719
0.43495839528505
-0.086119398049134
-0.012606654787719
0.25091286154972
0.69099249862646
0.30964123798052
-0.43092073007995
0.09013298018376
-0.69723088932095
0.28024054657679
-0.11797542363311
0.72607076248437
0.25438885728567
-0.68207146585084
0.91253575119774
-0.76570189826456
-0.26481368544736
-0.66492447241439
-0.7624007760372
-0.00092697748957526
0.46256435451217
-0.67474392972642
-0.75174167461309
-0.89697743854345
-0.7930758799394
0.91924707215244
0.56474287135747
-0.47756449574491
-0.60651594382083
0.31022763127006
-0.60090976469261
0.92898715097876
0.4934133018802
0.46574004062719
-0.86476629034838
0.83796437635923
0.73860323416935
0.098205963661059
-0.67848916895617
-0.58408794905249
0.34980343624475
-0.66355779378841
0.075975863764051
-0.14167866070833
-0.54283081160059
-0.44193139925689
0.72020985173071
-0.033763023574726
-0.09514225325321
-0.86969060537857
-0.93290677756672
-0.94572393779909
-0.68629267052109
0.3173298897768
0.071965758256598
0.34041756919605
0.14814507176548
-0.65481478146036
-0.1153853866809
0.82777130130109
0.17518757245279
-0.23398549539688
0.19192820191007
0.051411826653132
-0.038882080018
-0.021880667201188
0.90438616550732
0.51203198056297
-0.95422482115879
0.90302647459462
-0.028595068970972
0.37431756377887
-0.92229578733551
-0.24831597565129
0.090981665575403
-0.79120719795637
-0.86464914859489
0.84750839595101
0.74765455990455
-0.92490043673893
-0.9376138252847
-0.0051208972023432
0.77317242500054
-0.63862779533427
0.86307085392208
0.55067660266099
0.16068271135943
-0.074714938679112


